1025
25.52
1026
28.28
1027
30.38
1028
31.22
1029
32.22
1030
33.78
1031
35.08
1032
35.91
1033
36.06
1034
35.5
1035
34.76
1036
34.7
1037
35.41
1038
36.65
1039
37.57
1040
38.51
1041
39.88
1042
41.25
1043
42.07
1044
43.03
1045
44.4
1046
45.14
1047
45.44
1048
46.13
1049
46.79
1050
47.45
1051
48.68
1052
50.13
1053
51.16
1054
51.37
1055
51.3
1056
51.15
1057
50.88
1058
50.63
1059
50.2
1060
49.12
1061
48.02
1062
47.7
1063
47.93
1064
48.57
1065
48.88
1066
49.03
1067
48.94
1068
48.32
1069
47.97
1070
47.92
1071
47.54
1072
46.79
1073
46.13
1074
45.73
1075
45.17
1076
44.43
1077
43.59
1078
42.68
1079
41.89
1080
41.09
1081
40.38
1082
39.99
1083
39.84
1084
39.46
1085
39.15
1086
38.9
1087
38.67
1088
39.03
1089
40.37
1090
41.03
1091
40.76
1092
40.02
1093
39.6
1094
39.37
1095
38.84
1096
37.93
1097
37.19
1098
36.21
1099
35.32
1100
35.56
1101
36.96
1102
38.12
1103
38.71
1104
39.26
1105
40.64
1106
43.09
1107
44.83
1108
45.33
1109
45.24
1110
45.14
1111
45.06
1112
44.82
1113
44.53
1114
44.77
1115
45.6
1116
46.28
1117
47.18
1118
48.49
