1119
49.42
1120
49.56
1121
49.47
1122
49.28
1123
48.58
1124
48.03
1125
48.2
1126
48.72
1127
48.91
1128
48.93
1129
49.05
1130
49.23
1131
49.28
1132
48.84
1133
48.12
1134
47.8
1135
47.42
1136
45.98
1137
42.96
1138
39.38
1139
35.82
1140
31.85
1141
26.87
1142
21.41
1143
16.41
1144
12.56
1145
10.41
1146
9.07
1147
7.69
1148
6.28
1149
5.08
1150
4.32
1151
3.32
1152
1.92
1153
1.07
1154
0.66
1155
0
1156
0
1157
0
1158
0
1159
0
1160
0
1161
0
1162
0
1163
0
1164
0
1165
0
1166
0
1167
0
1168
0
1169
0
1170
0
1171
0
1172
0
1173
0
1174
0
1175
0
1176
0
1177
0
1178
0
1179
0
1180
0
1181
0
1182
0
1183
0
1184
0
1185
0
1186
0
1187
0
1188
0
1189
0
1190
0
1191
0
1192
0
1193
0
1194
0
1195
0
1196
1.54
1197
4.85
1198
9.06
1199
11.8
1200
12.42
1201
12.07
1202
11.64
1203
11.69
1204
12.91
1205
15.58
1206
18.69
1207
21.04
1208
22.62
1209
24.34
1210
26.74
1211
29.62
1212
32.65
