1213
35.57
1214
38.07
1215
39.71
1216
40.36
1217
40.6
1218
41.15
1219
42.23
1220
43.61
1221
45.08
1222
46.58
1223
48.13
1224
49.7
1225
51.27
1226
52.8
1227
54.3
1228
55.8
1229
57.29
1230
58.73
1231
60.12
1232
61.5
1233
62.94
1234
64.39
1235
65.52
1236
66.07
1237
66.19
1238
66.19
1239
66.43
1240
67.07
1241
68.04
1242
69.12
1243
70.08
1244
70.91
1245
71.73
1246
72.66
1247
73.67
1248
74.55
1249
75.18
1250
75.59
1251
75.82
1252
75.9
1253
75.92
1254
75.87
1255
75.68
1256
75.37
1257
75.01
1258
74.55
1259
73.8
1260
72.71
1261
71.39
1262
70.02
1263
68.71
1264
67.52
1265
66.44
1266
65.45
1267
64.49
1268
63.54
1269
62.6
1270
61.67
1271
60.69
1272
59.64
1273
58.6
1274
57.64
1275
56.79
1276
55.95
1277
55.09
1278
54.2
1279
53.33
1280
52.52
1281
51.75
1282
50.92
1283
49.9
1284
48.68
1285
47.41
1286
46.5
1287
46.22
1288
46.44
1289
47.35
1290
49.01
1291
50.93
1292
52.79
1293
54.66
1294
56.6
1295
58.55
1296
60.47
1297
62.28
1298
63.9
1299
65.2
1300
66.02
1301
66.39
1302
66.74
1303
67.43
1304
68.44
1305
69.52
1306
70.53
