1401
51.53
1402
50.17
1403
49.99
1404
50.32
1405
51.05
1406
51.45
1407
52
1408
52.3
1409
52.22
1410
52.66
1411
53.18
1412
53.8
1413
54.53
1414
55.37
1415
56.29
1416
57.31
1417
57.94
1418
57.86
1419
57.75
1420
58.67
1421
59.4
1422
59.69
1423
60.02
1424
60.21
1425
60.83
1426
61.16
1427
61.6
1428
62.15
1429
62.7
1430
63.65
1431
64.27
1432
64.31
1433
64.13
1434
64.27
1435
65.22
1436
66.25
1437
67.09
1438
68.37
1439
69.36
1440
70.57
1441
71.89
1442
73.35
1443
74.64
1444
75.81
1445
77.24
1446
78.63
1447
79.32
1448
80.2
1449
81.67
1450
82.11
1451
82.91
1452
83.43
1453
83.79
1454
83.5
1455
84.01
1456
83.43
1457
82.99
1458
82.77
1459
82.33
1460
81.78
1461
81.81
1462
81.05
1463
80.72
1464
80.61
1465
80.46
1466
80.42
1467
80.42
1468
80.24
1469
80.13
1470
80.39
1471
80.72
1472
81.01
1473
81.52
1474
82.4
1475
83.21
1476
84.05
1477
84.85
1478
85.42
1479
86.18
1480
86.45
1481
86.64
1482
86.57
1483
86.43
1484
86.58
1485
86.8
1486
86.65
1487
86.14
1488
86.36
1489
86.32
1490
86.25
1491
85.92
1492
86.14
1493
86.36
1494
86.25
