1495
86.5
1496
86.14
1497
86.29
1498
86.4
1499
86.36
1500
85.63
1501
86.03
1502
85.92
1503
86.14
1504
86.32
1505
85.92
1506
86.11
1507
85.91
1508
85.83
1509
85.86
1510
85.5
1511
84.97
1512
84.8
1513
84.2
1514
83.26
1515
82.77
1516
81.78
1517
81.16
1518
80.42
1519
79.21
1520
78.83
1521
78.52
1522
78.52
1523
78.81
1524
79.26
1525
79.61
1526
80.15
1527
80.39
1528
80.72
1529
81.01
1530
81.52
1531
82.4
1532
83.21
1533
84.05
1534
85.15
1535
85.92
1536
86.98
1537
87.45
1538
87.54
1539
87.25
1540
87.04
1541
86.98
1542
87.05
1543
87.1
1544
87.25
1545
87.25
1546
87.07
1547
87.29
1548
87.14
1549
87.03
1550
87.25
1551
87.03
1552
87.03
1553
87.07
1554
86.81
1555
86.92
1556
86.66
1557
86.92
1558
86.59
1559
86.92
1560
86.59
1561
86.88
1562
86.7
1563
86.81
1564
86.81
1565
86.81
1566
86.81
1567
86.99
1568
87.03
1569
86.92
1570
87.1
1571
86.85
1572
87.14
1573
86.96
1574
86.85
1575
86.77
1576
86.81
1577
86.85
1578
86.74
1579
86.81
1580
86.7
1581
86.52
1582
86.7
1583
86.74
1584
86.81
1585
86.85
1586
86.92
1587
86.88
1588
86.85
