1589
87.1
1590
86.81
1591
86.99
1592
86.81
1593
87.14
1594
86.81
1595
86.85
1596
87.03
1597
86.92
1598
87.14
1599
86.92
1600
87.03
1601
86.99
1602
86.96
1603
87.03
1604
86.85
1605
87.1
1606
86.81
1607
87.03
1608
86.77
1609
86.99
1610
86.96
1611
86.96
1612
87.07
1613
86.96
1614
86.92
1615
87.07
1616
86.92
1617
87.14
1618
86.96
1619
87.03
1620
86.85
1621
86.77
1622
87.1
1623
86.92
1624
87.07
1625
86.85
1626
86.81
1627
87.14
1628
86.77
1629
87.03
1630
86.96
1631
87.1
1632
86.99
1633
86.92
1634
87.1
1635
86.85
1636
86.92
1637
86.77
1638
86.88
1639
86.63
1640
86.85
1641
86.63
1642
86.77
1643
86.77
1644
86.55
1645
86.59
1646
86.55
1647
86.7
1648
86.44
1649
86.7
1650
86.55
1651
86.33
1652
86.48
1653
86.19
1654
86.37
1655
86.59
1656
86.55
1657
86.7
1658
86.63
1659
86.55
1660
86.59
1661
86.55
1662
86.7
1663
86.55
1664
86.7
1665
86.52
1666
86.85
1667
86.55
1668
86.81
1669
86.74
1670
86.63
1671
86.77
1672
87.03
1673
87.07
1674
86.92
1675
87.07
1676
87.18
1677
87.32
1678
87.36
1679
87.29
1680
87.58
1681
87.61
1682
87.76
