35.57
38.07
39.71
40.36
40.6
41.15
42.23
43.61
45.08
46.58
48.13
49.7
51.27
52.8
54.3
55.8
57.29
58.73
60.12
61.5
62.94
64.39
65.52
66.07
66.19
66.19
66.43
67.07
68.04
69.12
70.08
70.91
71.73
72.66
73.67
74.55
75.18
75.59
75.82
75.9
75.92
75.87
75.68
75.37
75.01
74.55
73.8
72.71
71.39
70.02
68.71
67.52
66.44
65.45
64.49
63.54
62.6
61.67
60.69
59.64
58.6
57.64
56.79
55.95
55.09
54.2
53.33
52.52
51.75
50.92
49.9
48.68
47.41
46.5
46.22
46.44
47.35
49.01
50.93
52.79
54.66
56.6
58.55
60.47
62.28
63.9
65.2
66.02
66.39
66.74
67.43
68.44
69.52
70.53
